8828666240
8827655632
8827649977
8827643810
8825090002
8810160584
8556258716
8808482094
8801175428
8799023831
8788649759
8788411057
8774378710
8773545270
8696109794
8559628294
8440295124
8319567844
8186274442
8169854379
8027737493
7807933584
7770212480
3779333190
3225533038
2658275667
8830297665
8826030726
8824422080
8822533484
8821782480
8821658340
8820549470
8820217956
8819670709
8819255975
8819239709
8817581118
8816951302
8816576192
8816148167
8810684734
8808778325
8808428800
8808055769
8808020601
8804579467
8804570960
8804558588
8804402835
8799434089
8802815589
8802788228
8802759621
8802704209
8802671820
8802451854
8802408403
8802287302
8801780824
8798037149
8797630843
8797153882
8791910532
8791598675
8791579456
8791492260
8791128468
8790961693
8785291553
8782263951
8729720336
8729717149
8729711410
8729713182
8729755429
8729758239
8768764464
8772516663
8771312646
8768398467
8768362502
8768328396
8768102445
8767870145
8767445050
8767136480
8767124383
8766772281
8765778817
8765758350
8765688872
8765663163
8765639182
8765585903
8761336359
8759067001
8757917597
8757887577
8757848261
8757822936
8757778908
8757745926
8757617696
8757600692
8757565340
8757497660
8757449513
8757414593
8757391997
8757354855
8757292692
8757265450
8756982430
8753251736
8747966330
8747584430
8743411741
8742977469
8740305194
8740232586
8733967152
8394236763
8160853571
8031750136
5326604918
8834330243
8819775648
8783777091
8782044941
8773236359
8762384927
8749408320
8736983902
8690186621
8657484673
8643810595
8611108938
8591656266
8591307468
8504818386
8473426431
8457109019
8378688145
8355823581
8242712947
8182041244
8137078034
8091265358
8079499965
8029701094
7996561865
7979739659
7978383030
7949745609
7930177168
7907879750
7854865183
7838767580
7774096874
7731448345
7729816994
7637513251
7599363354
7598826956
7597159412
7500100863
7470240207
7454011359
7374426399
7181823733
7120831104
7018410134
6924731529
6367074840
6367098694
6190209529
5795678837
5730142763
5364051122
5300231622
4967635332
4614146016
4596696807
8838169411
8837624398
8837610687
8837415294
8837288121
8836643545
8835585006
8835552354
8834258566
8833799807
8831152724
8831137687
8831121681
8831080477
8838669075
8839159431
8839971632
8839950619
8839882490
8840370987
8841162117
8841081153
8841026275
8842685076
8410528749
8843962095
8843949614
8843934289
8843933981
8843925351
8843917134
8843909276
8843900126
8843888845
8843872994
8843861138
8843849882
8843838814
8843823816
8843596343
8844488637
8263609114
8263544366
8844959274
8844597796
8845072284
8846138635
8846584124
8846526738
8846282568
8846818838
8847608558
8851313469
8851209126
8847086132
8851781806
8851760187
8851417048
8853416338
8853721843
8854369571
7758292048
8854434225
8855343560
8855241441
8855042219
8855950275
8855928927
8855916588
8855904330
8856782310
8857570225
8858375061
8858326165
8859450666
8859429707
8859414283
8859397632
8859365566
8859710377
8859479595
8859465225
8860326551
8860319747
8860310534
8860297125
8860287712
8817885009
8860026029
8859967938
8860692135
8861534200
8861439499
8861785544
8864076440
8863909182
8865487599
8865477023
8865462342
8865448194
8865579737
8865570899
8865556374
8865542538
8865529969
8865512622
8865500972
8866552272
8866396459
8867045795
8868959648
8869824695
8869823261
8869821060
8869818930
8869813483
8869809594
8869807320
8869959192
8870825072
8871528714
8871320725
8873860145
8873737030
8873719766
8873423166
8874481122
8877417892
8877369374
8877170053
8877821397
8877788528
8875620491
8879652330
8879863511
8879820833
8879806893
8879797952
8879789222
8880919610
8881066693
8881054933
8880990395
8881568654
8882205563
8882171046
8882042372
8882024408
8882004691
8881978967
8882734622
8882380363
8882377729
8882866416
8882834078
8882801557
8882817981
8882852251
8882780604
8883362655
8885081329
8884979894
8885283646
8885239837
8886896223
8883779320
8887506508
8887934428
8889314463
8889314458
8885589470
8885566654
8889915306
8889882126
8889879824
8890142236
8890042065
8889991494
8890617706
8891142416
8891792425
8891554151
8892183751
8892947100
8892621710
8892599145
8893795205
8893071263
8888080694
8894465416
8894282645
8895320534
8895274736
8895147278
8894862239
8895821202
8896830711
8897453609
8897849818
8897812903
8897987277
8898594034
8898576505
8898436025
8899209897
8899679644
8900054957
8900042264
8900031859
8900024910
8900014230
8900004149
8899992637
8900540312
8900973607
8900927109
8901792977
8901793057
8901449547
8902521370
8903929860
8904894566
8906357009
8907273079
8907492258
8907464198
8907439175
8907416936
8906742775
8906720815
8906713842
8906636488
8908404615
8908980768
8908971835
8908961466
8909121158
8909556813
8909282800
8909871514
8911211316
8912068837
8912284959
8912273753
8912259382
8913263314
8913980465
8913968166
8914604719
8914596433
8914584860
8914574955
8915248699
8915127348
8916230868
8916156976
8916127733
8916119226
8916673400
8916464301
8916453412
8916426450
8916419292
8916399270
8916388324
8916381462
8916371179
8916361891
8917688759
8917679792
8917429949
8918346125
8919037844
8919023010
8919010147
8918993228
8918981027
8918968415
8918957280
8918916351
8918530780
8920136116
8919899791
8920801132
8920205991
8924528252
8924372783
8924306208
8924144674
8924084011
8923699370
8922884899
8922867967
8922251274
8922196721
8922185976
8922174443
8922162176
8927121478
8927747008
8927502002
8927451425
8927398151
8927346148
8927294734
8927240514
8927182781
8928236722
8928113226
8929805209
8930753745
8930730852
8930549406
8930092354
8931341695
8931325273
8930953530
8930919764
8930894293
8930866953
8930787062
8931759258
8932515460
8941113484
8934151259
8942579605
8941949960
8939349702
8937939451
8937839705
8937804311
8937004404
8936745659
8936447018
8936421652
8935988090
8935910209
8935400305
8934701461
8934628961
8934022957
8933507778
8943750535
8944290501
8945178201
8945790214
8945776250
8945697134
8945480101
8946383250
8946366431
8946364966
8946559728
8946393765
8947228206
8947072274
8947052908
8944252705
8944256478
8944241825
8944238338
8948578073
8946496505
8948186186
8948163273
8948143943
8948119796
8948086131
8949433239
8949425503
8949413429
8949395368
8949387215
8949376569
8949368216
8949361196
8949350893
8949335660
8949327182
8949315433
8949306092
8949295012
8950921635
8951500389
8952114003
8952090534
8953645994
8953865164
8953776776
8954095833
8954786792
8948306594
8947670013
8955737964
8955730665
8955721713
8955714485
8955705563
8955698592
8956549876
8958588249
8959095201
8958977971
8958968868
8958961016
8958953060
8958944632
8958936322
8959784564
8960394709
8960302203
8961572073
8961802832
8961706845
8961861620
8961840641
8961834600
8961814030
8961808893
8962414308
8962336896
8962224317
8962223831
8962205575
8962610480
8962587426
8962569276
8962545731
8963392423
8963344668
8963207075
8963960375
8963709744
8963945767
8963854263
8963909758
8963900965
8963885288
8963873377
8963844755
8963834099
8963807925
8963784509
8963757910
8963741647
8965582060
8965902767
8965786597
8966897620
8966861449
8966845522
8946359332
8946357786
8966521974
8967240089
8967144308
8967254585
8968269375
8969212704
8969204604
8969196452
8969188672
8970044075
8970012595
8970418046
8971514887
8971322582
8971647771
8973366097
8973205856
8973205834
8974859380
8974707598
8980770688
8978109064
8978101142
8978086923
8978076357
8977920784
8977897722
8977875354
8977855200
8977835907
8977505933
8977468138
8977379501
8976718774
8976275614
8983470381
8985117035
8984899130
8985698183
8986787831
8986751101
8986704514
8987235108
8987669803
8987770123
8988528691
8935572772
8935565274
8935536633
8935528881
8935518904
8935547254
8935587625
8935533199
8935590984
8935557187
8935559327
8935583785
8935554607
8935562431
8935580310
8935593317
8935396640
8935597159
8935542345
8989341951
8990911164
8991106421
8991060279
8991341641
8991338191
8991333941
8992436252
8992061510
8992737924
8992711708
8999628751
8999990313
8999960450
8999948474
8999847793
8999767339
8999757695
8999748785
8999739690
9000593683
9001707812
9001415248
9002027532
9002024356
9001924003
9001924057
9002707722
9002637019
9003508868
9003417306
9004008120
9003915985
9003592228
9003566768
9005259745
9004960348
9006058347
9005825950
9005799847
9006408973
9007174605
8999774680
9006862109
9007405800
9008284110
9008184779
9008434826
9008805517
9009225738
9010008897
9009876102
9010461003
9010318844
9010666709
9010662365
9010596727
9010543496
9010517709
9010498063
9009801794
9009798019
9009806693
9012036412
9013518955
9013782734
9013765363
9013657109
9013570660
9013554798
9013542599
9014915778
9014983154
9015579799
9015708373
9016003020
9016218450
9016878421
9016975423
8944271690
8988454876
9017868907
9017745575
8926656859
9018154728
9018122573
9018498238
8944240011
8944264902
8944243943
8944231409
8944236345
8944233999
8944229097
9020735164
9020711519
9021683188
9022976323
9023816035
9023636340
9024113525
9024625485
9024489169
9025424727
9025413437
9026187743
9025971814
9025968787
9025965982
9025963074
9025960414
9025957399
9025954336
9005939747
9026329940
9026287535
9027509715
9027491488
9028096801
9027952966
9028503212
9028458312
9029201832
9029178656
9029098750
9044875668
9044694193
9044685663
9044678544
9044671569
9043314327
9041627065
9039899977
9039878459
9039340911
9038719205
9036464977
9036406052
9033762379
9032434994
9031663033
9031592582
9046914111
9046836448
9047644381
9047584986
9047531279
9047327877
9047335708
9047387804
9047314161
9046091215
9047194851
9046069369
9048115596
9048101754
9047976083
9048165374
9047437591
9047273924
9047279288
9047264038
9047332391
9047434970
9047454624
9047457686
9049858994
9049839328
9049665007
9050624519
9051256460
9052955488
9053712480
9053349272
9054746468
9054730120
9054705106
9054681603
9055862507
9055854510
9056500912
9027093019
9057354972
9057279164
9057271826
9057262861
9057245921
9057227569
9057218736
9057978190
9058352092
9058332868
9058194568
9059489966
9059415673
9059426092
9059085086
9059064993
9060205902
9059868148
9060749388
9062715002
9062355486
9063177879
9063158665
9063146175
9062792169
9063527439
9064039041
9064030131
9065332931
9058839462
9065348639
9065879128
9066357568
9067023867
9066649598
9067644883
9067584567
9067539999
9067539096
9067764141
9067714632
9068310910
9069156572
9069530539
9071308386
9071270136
9070891346
9071637649
9073264121
9073421250
9073937666
9074579948
9074496603
9074425784
9074212417
9068238463
9067044701
9088091244
9088272373
9026523785
9087354841
9086640745
9086291367
9084822685
9084558866
9084928820
9083483329
9083438113
9083451542
9083469533
9026498751
9083288651
9083295520
9083390118
9083399529
9079303689
9083330910
9083276709
9083268949
9083355137
9083348342
9083380376
9083216524
9083362165
9083123302
9083170656
9083244961
9083252258
9083091843
9083146821
9083260572
9083225647
9083113931
9083190894
9083029494
9083158852
9083073093
9083064402
9083049719
9083040711
9082996060
9082947489
9082986184
9082940239
9082874715
9083155544
9082970325
9082665926
9082897993
9082932539
9082828049
9082657129
9082963414
9082860618
9082842856
9083015379
9082764322
9082850427
9082810324
9082778403
9082836222
9082792910
9082731718
9082881449
9082956600
9082906018
9082749388
9082800427
9082739348
9082757320
9082785991
9082889804
9082634987
9082650354
9082697732
9082685644
9082716521
9082707924
9082679095
9082643715
9079937910
9082981979
9083428396
9026472589
9082312590
9026475113
9083444325
9083373991
9083341432
9083202899
9083324017
9083302024
9079374452
9089059672
9088835477
9088674128
9088647431
9082672834
9082916306
9083313920
9079968609
9082819556
9087640255
9087551552
9087559860
9087572569
9087563653
9087566697
9087580007
9087575994
9087629258
9087635911
9083236879
9082629572
9083177856
9083105550
9026504891
9090724324
2345409504
9091541685
9091493057
9091457327
9091498125
9091069624
9091067246
9091060004
9091063759
9091071839
9091074060
9091321467
9091939026
9091017625
9091042928
9091077419
9091946586
9091544008
9091546918
9091562967
9091565898
9091041447
9091553668
9091558744
9091569403
9091579237
9091586433
9091576219
9091597841
9091572042
9091537317
9092267907
9092298874
9092250724
9092238993
9092227404
9091044290
9091056398
9091052305
9091058409
9091049424
9091012863
9091184267
9092994891
9093376577
9093242091
9094138761
9094373993
9094362425
9094345429
9091104896
9087584213
9087590850
9087596612
9087600643
9091540107
9087470168
9087618678
9093317672
9091019095
9091045673
9091061848
9093263707
9093258676
9093265718
9093268246
9093271528
9093282536
9093279213
9093286210
9093291415
9094762153
9093320282
9096590172
9096911353
9096615525
9096490100
9098329044
9098318874
9098316585
9098315249
9098651258
9098587193
9087613145
9100209723
9102024893
9102110315
9103873530
9026462401
9104706230
9104701482
9105211900
9105837692
9105835638
9107226463
9107653879
8922219774
8922108188
9108194266
9107793379
9108884029
9108725047
9109716795
9109973537
9109932333
9109820512
9109832809
9111029542
9110984546
9110961806
9110909865
9110934809
9110890634
9110874366
9110626318
9111841217
9111736891
9112332867
9112286954
9112248729
9112232919
9100840339
9100840231
9100840292
9100840513
9100840474
9100840560
9100840432
9100840373
9113226090
9114461933
9115317667
9115208640
9116114651
9116087905
9115815900
9118356108
9118604900
9106666758
9094513831
9057899832
9047744058
8947345263
8932112668
8927272730
8925820117
8890609210
8859359463
8846117857
8803134192
8689470770
8565420409
8562394172
8561178528
8562751968
8562372483
8503559091
8503458625
8417901875
8424327498
8406951477
8427200912
8395869337
8369033863
8238282711
8216886290
8143806938
8059225426
8112678920
8058592419
7984431965
7942297794
7908345139
7807867653
7817351543
7727993072
7498945875
7473365144
7337471913
7378188567
7249765838
7245459053
7222533467
7244537202
7245003673
7221517822
7245098365
7027232506
6711536814
7027933935
7027008618
7026648991
7027870895
7027584261
7027807149
6569016229
6541405477
5755593610
6361732123
5834268495
5900996204
5417678199
4900408890
4204992937
4076392543
4120432410
3397912819
1119849619
4282468062
717846123
779468819
1559671442
722140171
724448413
9118410170
9118405870
9118399337
9118359052
9118343383
9118352090
9110951269
9118226154
9117960215
9117957831
9116967577
9116103019
9115407006
9114864772
9115000617
9114953084
9114176520
9099316445
9111876438
9111104927
9111011886
9111040886
9110988636
9110960880
9110916872
9111074573
9110892854
9110944895
9110869683
9110820203
9110727559
9110769344
9110846703
9110790236
9110665496
9110596958
9110708804
9110685596
9109835456
9110622457
9108635757
9109986599
9110540900
9110643893
9109859258
9114314468
9108659347
9108548864
9108521060
9108594865
9108453308
9108577202
9108297892
9108312942
9108012796
9107777346
9107893645
9107984374
9107971917
9107850311
9107878875
9107761842
9107927658
9107708340
9107946887
9107723007
9107790183
9107689760
9107744384
9107621703
9107647107
9107659778
9107665567
9107813850
9107533292
9107611439
9107548650
9107590453
9103584453
9107574043
9107457965
9099417170
9104157572
9103195918
9117030605
9107490315
9111841935
9110494553
9108612089
9104140409
9107683074
9105847948
9107560800
9107470855
9104176101
9105530640
9118631767
9118631457
9118711007
9105215165
9105213490
9096503189
9093330618
9103726478
9088725392
9086443350
9090095254
9098320548
9103168912
9102036635
9093670915
9093284798
9118542108
9118462576
9118144214
9117972539
9117539837
9116392022
9115243138
9114387948
9112813318
9111961764
9110743045
9110171345
8371870865
9107944603
9107455766
9106150148
9103883614
9096005041
9101613209
9101584641
9097393523
9096125063
9096328403
9094633142
9095245916
9094357395
9094022273
9091509885
9091343619
9090888706
9089303189
9089327570
9089302029
9089149180
9088743930
9088395988
9085822289
9088711026
9086741443
9085756750
9086411436
9086402193
9086342728
9086392890
9086289088
9085638381
9084913405
9080013527
9083902468
9082977125
9082862078
9080817400
9082357428
9082346450
9081966296
9077161552
9075509852
9071678018
9077553940
9078692087
9119041952
9119025280
9119034611
9093312380
9119032894
9119017890
9118992991
9118969924
9118949003
9118908983
9118840725
9118820078
9118725585
9118643826
9117827463
9118637813
9118620547
9118516292
9118429101
9118380750
9118325053
9118321533
9118316771
9118317263
9118266121
9118295375
9118253917
9118221926
9118040858
9118029812
9118029492
9117656859
9117559692
9117402177
9117231547
9117268380
9117324995
9117313342
9117202967
9117182158
9117155241
9117006602
9091327096
9116913547
9116967682
9116775338
9116942612
9116862494
9116735808
9116678213
9116654095
9116636011
9116576334
9116519775
9116491286
9116460767
9116309635
9116434358
9116417235
9116196017
9116171734
9116026289
9115896594
9115236137
9115804200
9115788397
9115136496
9110662588
9115783003
9115662615
9115483906
9115556270
9115439640
9114848631
9114747176
9111164972
9114460658
9113889659
9102506415
9113471482
9111988265
9112896656
9113061690
9112734016
9111605299
9112705823
9112413472
9112492298
9112196802
9112135522
9111469438
9111450740
9111296066
9108944996
9111142575
9110913031
9110859905
9110802591
9110842832
9110709872
9119061388
9118914758
9118735844
9118703398
9118626436
9118546608
9118521244
9118453953
9118392387
9118377945
9118306305
9100352302
9118161322
9118101465
9113611639
9118051532
9117907692
9117249943
9117257898
9117186848
9117175409
9117113198
9116898494
9116923000
9072779784
9116674124
9116587349
9116556684
9115779619
9114105658
9115572975
9115336952
9115147922
9114790007
9110909435
9105901920
9113831378
9113706619
9113631215
9113040223
9112905778
9112493799
9112029867
9111935105
9111867759
9111799058
9111652411
9111426443
9111356604
9111218568
9111150630
9110958813
9110430081
9110749935
9110699820
9110193631
9110252496
9109245448
9110188617
9110180357
9110156511
9109877426
9109169773
9110049338
9109640922
9109470697
9108833008
9109176215
9108770568
9108823772
9108718581
9108623222
9108453372
9108351269
9108269636
9108156168
9119448124
9119425511
9119481237
9119878496
9120002023
9120174131
9120294241
9120280335
9120293741
9120263433
9120279236
9120252246
9120239448
9120657312
9120778850
9120742030
9120755296
9120725108
9120695642
9120858739
9120852870
9120842236
9120830458
9121055915
9120997708
9121385812
9122233610
9122212233
9122390106
9122368678
9122573906
9122552858
9122741119
9123017497
9123228663
9124152331
9124124427
9124093902
9124221703
9124185113
9124718720
9124800890
9124939203
9125162827
9126435288
9126879885
9127248562
9127226275
9127220503
9127211481
9127211670
9127474226
9127488163
9127481260
9127657382
9128076192
9128257288
9128440186
9128426012
9128675739
9128781744
9128811434
9128786184
9128767249
9128746319
9128994419
9129204390
9129534352
9129766618
9130182064
9129950577
9131606674
9131607674
9131699140
9131648848
9131822075
9131872168
9132042364
9132144422
9132152194
9132161860
9132096947
9132192211
9132181853
9132791506
9132766317
9132885768
9132871733
9132849806
9132833569
9132808062
9131724999
9133553520
9133520981
9133496635
9133593955
9134082317
9134054451
9134052277
9134036132
9134188802
9134209823
9134358419
9134936348
9135051433
9135355354
9135528598
9135526778
9135582485
9135555339
9135534673
7897436415
9135632287
9135788244
9135906775
9136024611
9136142542
9136446865
9136714125
9136702854
9136688963
9136786197
9136741980
9136861295
9137016746
9137219276
9137227255
9137211445
9137204408
9137303616
9137295649
9137287603
9137279838
9137270135
9137723513
9138266613
9138335686
9138414969
9139776512
9140158052
9140454347
9140393520
9140643634
9140748730
9141036415
9141073871
9141103929
9141281162
9141259417
9141238419
9141219861
9141938119
9142164384
9142215167
9142441630
9142435599
9142427839
9142574029
9142581639
9142564515
9142622500
9142616034
9142609953
9142656515
9143363898
9143551461
9143821172
9144331649
9144839116
9144919429
9144882267
9144934092
9144923417
9144896150
9144946368
9144987417
9144979282
9144956995
9144969664
9145233485
9145206837
9145852006
9145948252
9146509763
9146515025
9146705408
9147119183
9147114963
9147125150
9147144985
9147805483
9147859750
9147830062
9147944675
9148196031
9148690652
9148787468
9148913020
9148896292
9149058391
9149246669
9149765563
9149920226
9150646819
9151098322
9151428160
9151420083
9151413428
9151583654
9151662424
9151825156
9151861449
9152120216
9152100669
9152076645
9152054300
9152150468
9152153022
9152133670
9152259539
9152341237
9152300687
9152866314
9153339984
9153408221
9153498891
9153517951
9153505949
9153589668
9153567967
9153547560
9153531581
9153670732
9153676483
9153665942
9153636405
9153569208
9153605463
9153732906
9154007881
9154365736
9154304347
9154296330
9154544207
9154525317
9154496797
9154479304
9154717828
9154697691
9154963681
9154930035
9154896730
9154995417
9155230872
9155382875
9155348118
9155362930
9155331318
9155529690
9155478620
9154052887
9155424802
9154769730
9156019274
9156176448
9156192675
9156028294
9154766838
9154768383
9156194919
9156182127
9156164305
9156153397
9156127838
9156115186
9156102409
9156066814
9156054118
9156012563
9156034086
9155990156
9155996710
9155942767
9155916750
9155875289
9155905044
9155892072
9155865144
9155853798
9156647409
9156638794
9156608747
9156660671
9156739986
9156764400
9156752792
9156911454
9156920843
9156903457
9156984617
9157095753
9157105919
9157076320
9157085110
9157066055
9157284776
9157211102
9157360407
9157342593
9157309351
9157293271
9157301081
9157424565
9157415452
9157463927
9157436537
9157554592
9157514989
9157765481
9157759976
9157786614
9157772242
9157780373
9158066537
9158535475
9158715135
9158703930
9158821982
9158850317
9159262892
9159363616
9159557164
9159678954
9159772287
9159931130
9159900946
9159990770
9160339280
9160322689
9160300722
9160273929
9160258873
9160392547
9160366498
9160351926
9160507593
9160496300
9160631212
9160718983
9161041224
9161011539
9161283129
9161292062
9161422662
9161387374
9161523289
9161482556
9161610387
9161576940
9160446418
9162228806
9162172860
9162262429
9162836769
9162950668
9162990838
9163090951
9163749403
9163705559
9164144737
9164428053
9164465076
9164681670
9164711999
9164746074
9164630681
9165744694
9165060633
9165761579
9165071158
9165083828
9165850198
9165839580
9165818689
9165860114
9166723287
9166768769
9166933026
9166972811
9167005965
9167408400
9167526788
9167516150
9167505224
9167993741
9168284324
9168456675
9168122475
9168506285
9168924960
9168940887
9169015439
9169732693
9169670840
9169831831
9169956518
9169048087
9170102110
9170025207
9170328048
9170755039
9170664925
9170854408
9171205115
9171616253
9171932508
9171921661
9171884890
9171852250
9172038806
9172231871
9172212193
9172483320
9172525332
9172957722
9173485125
9174101122
9174166489
9174290689
9174363099
9174394420
9174485423
9174435030
9174408779
9174590297
9174668138
9174652071
9174628282
9174661337
9174628798
9174720530
9174772763
9174882866
9175187742
9175301874
9175200145
9175311266
9175320084
9175482419
9176636758
9177150376
9157159552
9177424470
9177393245
9177477907
9177553979
9177625866
9177620457
9177614749
9177956933
9177942909
9178012352
9178000650
9177987155
9177975864
9178132032
9178164366
9178150076
9178125015
9178138117
9178594070
9178548563
9178544166
9178661015
9178791688
9178824561
9179087943
9179013087
9179165010
9179333116
9179348945
9179324196
9179306419
9179393239
9179868164
9179886331
9180450584
9180768627
9181454971
9181412043
9181357417
9181279934
9181524426
9181479842
9181986959
9182090398
9182066240
9182034513
9182013053
9182696410
9182668842
9182934016
9182812617
9182814681
9182198557
9182810688
9183182820
9183374978
9183793132
9183847664
9183902307
9183931842
9183941373
9183915903
9183880192
9183851359
9184021230
9184015189
9183996548
9183984150
9183961209
9184045697
9144345994
9184371713
9184359705
9184544609
9184578796
9184563743
9184601531
9184594327
9184650042
9185609784
9185630840
9185763660
9185754326
9185752982
9185734436
9185815083
9185790483
9185784371
9185829519
9185972874
9186065277
9186045518
9186030795
9186009598
9186410424
9186413548
9186810247
9187304287
9187323455
9187407520
9187557038
9187624595
9187695248
9188195941
9163259125
9188739232
9188840288
9189095825
9189214769
9189420154
9189526654
9189747024
9189997613
9190332594
9191159546
9191150294
9191081258
9191242062
9191210595
9191197839
9191194815
9191178508
9191171851
9192141994
9192115645
9192095794
9192093207
9192087441
9192080679
9192481492
9192469906
9192456360
9192447586
9192529811
9192520644
9192511094
9192502680
9192492125
9192547414
9193204970
9193507063
9193540626
9193691168
9193878689
9193851801
9194151477
9194192298
9194477789
9195105611
9195102918
9195136799
9195130928
9195178685
9195168043
9195163585
9195155374
9195144670
9195135771
9195120781
9195114582
9195248298
9195363283
9195355676
9195473703
9195522075
9196526251
9196503033
9196602243
9196606875
9196595552
9196593257
9196984729
9196912294
9197371509
9197495910
9197631638
9197603345
9197592484
9197576704
9197944956
9198506186
9198503724
9198887125
9199227212
9199195051
9199580216
9199660518
9199979636
9199967925
9200010465
9200000534
9200099703
9200070416
9120918795
9200383411
9200410131
9172374470
9200082556
9201301872
9201862908
9202187764
9202152510
9202186055
9202723517
9202792636
9202736730
9202862004
9202853367
9202833056
9202808461
9202843073
9202820509
9202944644
9202935897
9202929298
9202908607
9202873041
9202918155
9202898388
9203015203
9203001425
9202977532
9202958492
9202951052
9202992269
9202968637
9203065670
9203027727
9203081942
9203058018
9203048552
9203075156
9203040676
9203152684
9203127291
9203106097
9203097891
9203241211
9203226972
9203220413
9203213519
9203188622
9203233326
9203199187
9203199102
9203182629
9203249386
9203257605
9204705444
9205450471
9205736484
9205715664
9206811665
9206890227
9206908178
9206898956
9208058762
9208071937
9208068379
9208249576
9208344029
9208656087
9209248363
9209230402
9209205921
9209406730
9209391834
9209569168
9209803662
9169622728
9210326362
9208999854
9209184545
9210950709
9211278195
9211655548
9212174174
9212849205
9212834974
9213044770
9213219618
9213221310
9213934552
9213949089
9214552828
9214572343
9214652087
9214924736
9215059189
9215386200
9215753974
9215735695
9215895304
9215858053
9216217587
9216285149
9216266822
9216492994
9216678329
9216656532
9216723186
9217079541
9217583022
9217833096
9218515419
9218661628
9218845285
9218810808
9219722755
9219632125
9219970918
9219497081
9219498413
9220652036
9220938920
9221263586
9221415386
9221458116
9221624103
9221614935
9221605436
9221595521
9221586815
9221673233
9221663724
9221652249
9221652027
9222333412
9222411075
9222532350
9222681569
9222749945
9222951710
9222960255
9222960213
9223127783
9223202915
9223174980
9223446412
9223476650
9223501333
9223670521
9223668437
9223720594
9224195166
9224326583
9224303464
9224300275
9224410090
9224376243
9224350165
9224499663
9224478246
9224458173
9224436200
9224604012
9224585957
9224792177
9224805688
9224886502
9224865653
9224826054
9224995986
9224967280
9225023848
9225079887
9225034987
9225017485
9225253178
9225401779
9225389456
9225687494
9225678219
9225732251
9225710772
9226835998
9227416972
9227629882
9227711416
9227682958
9227779615
9227751026
9227884228
9227864492
9227988408
9227999516
9228053761
9228038455
9228209289
9229591538
9229720238
9229721380
9229709998
9229703506
9229689581
9229746826
9229751620
9229739269
9229730861
9229746068
9230002747
9229677076
9230355490
9230253984
9230166485
9230597001
9230553110
9230753049
9231113852
9231587509
9232005892
9232496686
9232726204
9232833465
9232805474
9232920297
9232882951
9232938299
9233253640
9233546097
9234298464
9234282989
9234257021
9234346991
9234332422
9234317616
9234837870
9234953830
9235677997
9208793263
9236256420
9236997363
9237772569
9238016151
9238186418
9238173386
9238723208
9238926539
9239513250
9239483896
9239498455
9239463945
9239614814
9240099745
4364541096
9240615477
9240615508
9240612931
9240582407
9240678738
9240630686
9241307025
9241430396
9241417665
9241528375
9241517385
9241526367
9241721205
9241865525
9241833997
9241800305
9203111956
9242352679
9242883540
9243511491
9243740245
9243762359
9243886953
9243876864
9243919815
9243924321
9243895217
9227355645
9244547576
9244524233
9244607664
9244595043
9244583093
9244568570
9244669253
9244655739
9244643915
9244631278
9244783212
9244962982
9245124113
9245146522
9245886645
9246118715
9246326789
9246314896
9246362584
9245050740
9246720419
9246696287
9246679646
9246667923
9246631392
9246599834
9246815803
9246827387
9246964941
9248097528
9248200699
9248787358
9248797387
9248782278
9248760206
9248870904
9248848372
9248847335
9248830743
9248812556
9249007947
9248997635
9248986515
9248977465
9248964289
9248995625
9248960047
9249053541
9249045139
9249035272
9249027073
9249017183
9249036508
9248422605
9248114115
9250162177
9248926964
9250814178
9250770276
9250861554
9250836553
9250901995
9250879163
9251116248
9251099735
9251108861
9251091722
9251079690
9251169110
9251158510
9251158141
9251151143
9251141759
9251126529
9251134257
9251204874
9251197513
9251958184
9251994021
9252720688
9252877407
9253374371
9253757400
9253556314
9253534399
9254380642
9255202529
9255200597
9255359899
9255317979
9255669721
9256554033
9256889563
9256963636
9257022772
9257014063
9257005777
9257123338
9257291194
9257446016
9257746248
9257827091
9259086184
9259251116
9259228089
9259198384
9259182582
9259167809
9259290230
9259656560
9259675641
9259827753
9260155556
9260142483
9260173882
9260203968
9260179356
9260232383
9260524746
9262042787
9262060638
9262052513
9262512556
9262664795
9262681860
9262678453
9262675553
9262672042
9262668341
9262894843
9262930304
9262912790
9262948349
9263492727
9263575795
9263912333
9263898093
9264074329
9264156510
9264154991
9264169379
9264141617
9264198197
9264186011
9264764144
9265047206
9265188049
9265328223
9265501693
9265506467
9265613143
9265923384
9266004431
9266375957
9266599721
9266755711
9266768066
9267081572
9267240908
9267214817
9268934667
9269252340
9269308479
9269700693
9269687873
9269666502
9269779439
9269762695
9269770512
9269752915
9269743538
9269722997
9269677406
9269785657
9269814593
9270101343
9270241934
9270552971
9270820817
9270898820
9271273094
9271420854
9271376508
9272030341
9272237253
9272546495
9272564584
9273259718
9273418961
9273506035
9273596148
9273559857
9274099788
9274239885
9274757080
9274732215
9274698810
9274868188
9274830522
9274795668
9274957572
9275089129
9275777258
9275765072
9275750186
9275741916
9275725569
9275713731
9275703627
9275912627
9276064158
9276402478
9276600143
9276740249
9276707624
9276690792
9276817054
9276798526
9276849537
9276994728
9277214319
9278167895
9278266349
9278322012
9278429308
9278631084
9278704149
9278778902
9279129676
9279202270
9279183413
9279174386
9279166306
9279155858
9279145778
9279374816
9279571766
9279971427
9280113354
9281387093
9281567193
9281646476
9281748808
9281828216
9282046703
9282287905
9282558562
9282952140
9282934310
9282920511
9282977788
9282936198
9282951785
9283703017
9283654042
9283651571
9283787232
9283787052
9283777308
9283770419
9283754483
9283879857
9283857891
9283967021
9283964454
9283915877
9284660716
9285494830
9285487031
9285896759
9285954191
9286068992
9286177072
9286906675
9287052713
9287254483
9287236349
9287386254
9287839126
9287906391
9287887234
9288394675
9288540594
9288951219
9289351099
9289613958
9289735442
9289711802
9289694399
9289677584
9289773095
9289904521
9289889269
9289913804
9289838712
9289997180
9289970719
9289945250
9289934792
9290566636
9291392459
9291348502
9291515186
9291682426
9291973146
9291971217
9292151523
9291504061
9293150965
9291542627
9293643759
9293606377
9293827737
9294094668
9294080108
9294859541
9296117809
9296272403
9296329145
9296821260
9297189227
9298685290
9298609763
9299195638
9299231361
9300722989
9300808917
9300807687
9300867447
9300862153
9300856897
9300881925
9300875501
9301082359
9301214305
9301494387
9301774083
9302619988
9302898336
9303011659
9303535992
9303699422
9303903813
9303892651
9303961987
9303953001
9303937302
9303907372
9303931181
9304166751
9304346367
9304400936
9304550811
9304694004
9305068594
9293659621
9305912226
9305880743
9305895186
9305880723
9305934919
9305920751
9306023377
9306006710
9305979351
9305964295
9306239309
9306508176
9306635719
9306799461
9306791174
9306767643
9306849655
9306842016
9306832885
9306824732
9306817121
9306807767
9306914868
9308272916
9308321067
9308557913
9308886226
9308944516
9309036681
9293703650
9309697744
9309685208
9309668139
9309656535
9309795410
9310165851
9310232108
9310224454
9310726536
9310829551
9310946101
9311195428
9311178807
9311156438
9311139771
9311367337
9311351099
9311442624
9311417741
9311397430
9311383902
9311477715
9311458938
9312517552
9312499643
9312811098
9312797739
9312750185
9312794827
9312874504
9312841565
9313242733
9313231749
9313223046
9313310963
9313301386
9313292332
9313281044
9313272259
9313262490
9313252702
9313393658
9313378766
9313349849
9313327886
9313395658
9313472248
9313460951
9313448978
9313416053
9313428309
9313542306
9313525274
9313499982
9313484966
9313610177
9313846238
9313974491
9314360481
9314403626
9314412416
9314395366
9314387390
9314377780
9314369140
9314433648
9314421470
9315170184
9315240747
9293669241
9315512231
9315947509
9316576177
9316921786
9317040816
9317681906
9317890934
9317862821
9318023195
9318107884
9318098419
9318087687
9318073043
9318062660
9318052147
9318035854
9318206344
9318198132
9318171390
9318186770
9318179415
9318160655
9318154282
9318144433
9318136807
9318125108
9318223334
9318274226
9318265254
9318255694
9318248483
9318237787
9318215297
9318291973
9318282674
9318297424
9318445061
9318431666
9318425130
9318668965
9319038527
9319025043
9318994798
9319087498
9319064256
9319805562
9319852115
9319819693
9320025249
9320245101
9322675683
9322685801
9322682179
9322689765
9322743525
9323005520
9322999447
9322992372
9324036510
9324276904
9324717688
9324910179
9324899310
9325003638
9325740111
9326190835
9326559646
9326797414
9327053147
9327042069
9327204230
9327381285
9327462579
9327825275
9327838519
9330151641
9330280445
9309143080
9330213849
9330202554
9331125357
9331107713
9331511350
9332491824
9332694661
9333161487
9333146616
9333227552
9333214666
9333460239
9333453201
9333447023
9333439494
9333432875
9333425700
9333417992
9333410734
9333404038
9333396407
9333473933
9333467254
9333624694
9333888950
9334427295
9334986301
9335092126
9335499762
9335588713
9335702874
9335683958
9335803421
9335780584
9335847215
9336171439
9336514244
9336507991
9336500729
9336492543
9336485816
9336479283
9336473109
9336466462
9336459383
9336607108
9336600421
9336592425
9336585996
9336580436
9336574692
9336568470
9336561306
9336555063
9336549494
9336542271
9336519789
9336534569
9336528095
9336646750
9336638386
9336631820
9336626009
9336620392
9333486056
9336920921
9336901306
9336869508
9336845208
9336978940
9336953673
9337074577
9337683770
9337674700
9337932494
9338093371
9338393677
9338361913
9338477000
9338638381
9338681042
9338721710
9338827398
9338787871
9338844008
9333549391
9339540495
9340053838
9340103037
9340101241
9340420822
9336433144
9340676338
9340670688
9340822176
9340938409
9337102498
9341084107
9272472315
9342064517
9342104494
9342484441
9343148089
9343894651
9344204582
9344372443
9344853685
9326821899
9326807839
9326795659
9326781541
9326740307
9326754041
9326767912
9326726124
9326700959
9326713499
9326689629
9326678817
9326665238
9326653893
9326641117
9326629201
9326614826
9326602776
9326587788
9326575710
9326563168
9326551372
9326539862
9326527160
9326513466
9326501835
9326881749
9326854631
9345662112
9345814178
9345792553
9345785243
9345778894
9345773130
9346049175
9346033757
9346023848
9347118502
9347077824
9347141358
9347353711
9347322990
9237017822
9345450522
9349772619
9349757658
9349260747
9349485579
9349409706
9349123577
9349087081
9350339803
9350591756
9350606169
9350743628
9350756370
9350732115
9350722641
9350708788
9350837269
9350824939
9350811557
9350771329
9350869732
9350856122
9351520921
9351534985
9351505314
9351552333
9351677842
9351844182
9352178398
9352458877
9352527597
9353297844
9353326819
9353412669
9353784778
9353784804
9353680737
9353776881
9351886290
9354220455
9354338757
9354500938
9354824449
9354966460
9355018804
9355152439
9355151889
9355434314
9327434437
9350790754
9356520564
9356629563
9356629540
9356815453
9357163648
9357319662
9357486145
9357474690
9357639969
9358052223
9358127898
9358058162
9358611353
9358575921
9358614461
9358598559
9358589130
9358656989
9359325983
9359661610
9359736432
9359748713
9359720947
9359706199
9359820630
9359761688
9359799966
9359780859
9359913078
9359886853
9359849282
9359929840
9360746574
9360714979
9360782253
9361120014
9361165006
9361295645
9361279390
9361352236
9361334723
9361328145
9361309602
9362583533
9362694030
9362742785
9362556459
9363835511
9353732178
9363984813
9364168157
9364159661
9364386619
9364382557
9364869957
9364966734
9364963425
9364956957
9365371611
9365671290
9366141756
9366224338
9366205082
9366183476
9366166806
9366247008
9366445224
9366531458
9367227229
9367214467
9367222557
9367301518
9367268526
9367240094
9367388089
9367384314
9367366974
9367327660
9367963037
9368295120
9368266458
9369131515
9369396031
9369696639
9369736210
9370745320
9370740537
9370737469
9370732396
9370728160
9370786698
9370774448
9370780259
9370766861
9370803635
9370858445
9370926426
9370910674
9370909518
9370897563
9371084925
9371074694
9371151519
9371142148
9371133659
9371121796
9371112498
9371095745
9371676648
9372043388
9372247133
9372265485
9372435811
9372428026
9373178880
9373224553
9373338011
9373298857
9373280251
9373431680
9373377542
9373466053
9373772993
9374216867
9374510172
9374726274
9281232521
9375118349
9375264688
9375606185
9375686936
9375853907
9374275461
9376424182
9376460189
9376509959
9377567866
9377763174
9377826393
9377835155
9377881861
9377971618
9378592196
9378691499
9378680692
9378736530
9378829084
9378970201
9379020841
9379248516
9380202300
9380525405
9380495990
9380500200
9380478911
9380589732
9380679738
9380797004
9380779348
9380740718
9380702815
9380641947
9380595990
9380573654
9380531942
9380426582
9381039298
9381084603
9381130364
9381023648
9380983967
9380928523
9380863449
9380828722
9381304850
9381578274
9381560479
9381544465
9382049768
9382037991
9382029433
9382139587
9382630389
9382693240
9382836108
9382849634
9382825116
9382814809
9382870865
9382939626
9382908182
9382894729
9382881874
9382865800
9383053652
9383234544
9383679956
9383798645
9383758452
9380269921
9383877155
9383963399
9384760885
9384893795
9385039353
9385110132
9385225469
9385134258
9385278942
9385366539
9385319180
9385346078
9385399408
9385534058
9385542429
9385691999
9386370455
9387434766
9387877519
9387953802
9387939792
9387928817
9387967471
9387952226
9387992996
9388131026
9388187272
9388794506
9388785276
9388774041
9388804467
9389301948
9389820512
9389810666
9390151021
9391123707
9391247729
9391599863
9391586795
9391568549
9391545626
9391697069
9391686612
9391671787
9391653959
9391637002
9391618650
9391975782
9391960526
9391966421
9391937615
9392056937
9392040819
9392016420
9391992827
9392339188
9392325827
9392330045
9392428932
9392375941
9392351951
9392629349
9392822234
9392883638
9392991022
9393036814
9393054015
9390734535
9393376549
9394123345
9392673546
9394371581
9394379741
9394783221
9394921231
9395003049
9395122720
9396030227
9396142287
9396127598
9396764697
9396751564
9397651105
9398103235
9398552867
9399849986
9399952200
9400983747
9401134166
9401307991
9401455500
9402246764
9402251232
9402605776
9402884990
9402963422
9403223530
9403286619
9403277979
9403268340
9403258951
9403245335
9403294375
9403394978
9403368545
9403671087
9403710045
9403724691
9403696863
9403682881
9403758506
9403978842
9401494931
9401227999
9404004219
9400820646
9404629385
9404775511
9404903339
9405302906
9405535429
9405755873
9405741851
9405686546
9405790708
9405773673
9406291714
9406342758
9406656096
9406648186
9406638743
9406615567
9406628095
9407131719
9407163661
9407168833
9407171977
9407301479
9407256720
9407419000
9407520708
9407383422
9407569777
9407581527
9407740150
9407815871
9407814371
9408107866
9408139079
9408215907
9408181382
9409883540
9409934135
9410005643
9410520402
9410584726
9410649728
9410650762
9410748848
9410852954
9410953971
9411156349
9411288698
9411361111
9411583200
9411584644
9411807108
9412127725
9411550646
9411463634
9411446531
9411491440
9411523101
9411589836
9411611127
9411623619
9411636746
9409867201
9412152433
9412555686
9412571200
9412537595
9412523750
9412718523
9412744874
9412939969
9412925109
9412910767
9412903539
9412895836
9413054384
9412995428
9413058383
9413001666
9413029845
9413024204
9413046008
9413455545
9413557571
9413542110
9409880439
9413523724
9413328112
9413622900
9413599028
9413575076
9413874036
9413991941
9414061687
9414033725
9414006665
9414002520
9414157084
9414134234
9414118898
9414105207
9414089951
9414548888
9414720294
9414988453
9414962858
9414958785
9414956884
9414955151
9415161919
9415374716
9415346904
9415394002
9415384549
9415454035
9415516160
9415704302
9415721897
9415853745
9415840127
9415821902
9415809348
9415799132
9415898452
9415886011
9415874522
9416316960
9413014052
9416373223
9416636988
9416709861
9416751722
9416536765
3855297828
9413473742
9411293662
9398047132
9377600702
9370912582
9368692131
9330480908
9328989581
9307115167
9289535913
9276826747
9276342393
9270203512
9242438860
9187518815
9187510819
9127773612
9126662860
9031795298
8947810203
8867541258
8784073808
8747184231
8687483432
8594884732
8540631299
8482997077
8416117685
8275766380
8275995122
7660097343
7985626965
7920884792
7243072630
6972897776
9414111972
9413551278
9411563239
9408580204
9408557914
9402252264
9398218423
9398352438
9372386514
9331447139
9241354071
9201621340
9179761850
9181521842
9178022435
9091365339
9026312681
8998014099
8995356041
8985322833
8970327840
8978993007
8979130305
8975060725
8934675119
8947379807
8944715277
8905846471
8927918891
8808042314
8807331567
8807344181
8807361118
8807367740
8611189308
8800776556
8668143927
8764871748
8761033518
7984473567
8718603831
8660151905
8681354048
8701772859
8637263021
8617947371
8651264997
8652223754
8622083736
7148878115
8564127409
8380838109
8532363321
8487678660
8507393371
8481175611
8497810530
8455271289
8479994785
8218380232
8432125473
7822134935
7913469909
6322804047
8389405931
8389212580
8252994984
8391809405
8359232957
8371301311
8350774801
8177152923
8273770718
8168504657
8208507973
8089619809
8208513630
7678783398
8180755380
8170419915
8121336856
8059161121
8023030320
8082759158
8053187346
7941444452
8051330034
6966266587
7893622412
7943938396
8051099282
8012033487
7568431359
7959114572
7874188052
7783764186
9364737238
9335760729
9321568346
9302358168
9091289929
9042897692
9036124562
8979389503
9026693106
8970329894
8978963837
8976548850
8968468253
8902051734
8948698133
8947354121
8828697224
8809407823
8763353961
8807352294
8778292939
8788682924
8779813227
8715970460
8771811362
8629699541
8727704920
8673615783
8664034195
6906708686
8171773733
8565092974
8507416399
8549122862
8528705905
8521441087
8516652378
8495247361
8412217431
7678950495
8374737511
8431131439
8258927078
8322195112
8401569269
8352615248
8272346413
8287271637
8285919180
8322225131
7678952824
8291129357
7163176577
8254134626
8131219768
8207916139
8156433417
8209737410
8174667553
8171280531
8111239157
9289223361
9138416116
9081753889
9015942022
8922393795
8832153870
8838000560
8816570404
8815366947
8767930560
8798359400
8784814457
8768134010
8782925404
8735633227
8761959963
8746094138
8735875541
8701243314
8594341210
8562572972
8541693277
8552685762
8539395831
8469039375
8511131741
8505720166
8450634235
8445401841
8407146006
8263610211
8152005761
8202230488
8310889401
8290621744
8275684148
8186367687
8281389871
8201075782
8173052606
7857276679
8046364162
8176511603
7857453327
8158810831
8047004622
7495532747
8030735289
8064605178
7987564764
7925176709
7264473479
7853047067
7850337250
7844783877
7749980908
7667476432
7424595649
7619733646
7660231599
7660704276
7171995253
7578514876
7577796972
7608225731
7338727311
7584443921
7540777630
9387759202
9330300373
9159849616
8668825043
7101827507
7733848180
9202265492
8405824766
9396738552
8574646969
8472265468
8182167713
7292115917
9407242205
9405567787
9333227009
9316402215
9308290002
9255034993
9251017322
9250756146
9250147629
9214763787
9206220775
9185739939
9172285786
9166238649
9166234555
9157079691
9084370597
9054575209
9054282731
8932166865
8922904679
8914377222
8878085980
8751511843
8847017164
8559921249
8683824034
8578292348
8507011662
8510526869
8504919771
8499648126
8476229192
8471215374
8455114633
8379423923
8244694277
8279352417
8145568308
8132854880
8104788116
8058044530
8013412706
7879149404
7941865628
7692713357
7619039935
7608489121
7434386407
5505028868
5165084282
4532332784
4163224731
3984768077
3731401993
3821112835
3076874948
3718878404
3451167754
2800550732
2558656040
2498676458
2295679801
9418157085
9418344431
9418601062
9418583512
9418563742
9418550964
9418574865
9418559766
9418619602
9419060022
9419073063
9419203772
9419437665
9419407444
9419406646
9419385673
9419504398
9419492708
9419481617
9419463143
9419450860
9419529833
9419517335
9419636418
9419814383
9420329539
9420571956
9420558917
9420544125
9420530226
9420519906
9420623591
9420615584
9420605370
9420594815
9420590627
9421219975
9421932425
9422010378
9421975375
9421969372
9421960510
9421943700
9422640527
9423035514
9423257904
9423737596
9423733303
9424430886
9424525083
9424612181
9424605018
9424601784
9424592885
9424627022
9424622630
9424616230
9424617170
9424751201
9424785301
9424778990
9424816620
9424774642
9425400399
9425372901
9425470761
9425456599
9425449621
9425445103
9425435686
9425426000
9425546499
9425541779
9425541663
9425536441
9425527902
9425507463
9425485978
9425601694
9426343357
9426329115
9426421648
9426412363
9426386621
9426371446
9426362798
9426362160
9426025966
9426600108
9426542586
9426623504
9426613238
9426961470
9426984281
9427239848
9427183360
9427368165
9427692323
9427594266
9427814753
9427791331
9427778457
9427920578
9428102358
9428187574
9428400334
9428729117
9428680320
9428665263
9428650271
9428935196
9429168182
9429274285
9429940596
9430044851
9430023466
9430013829
9430000864
9429987702
9429972693
9430134076
9430132792
9430113273
9430101007
9430087311
9430077693
9430065290
9430348560
9430513033
9430481187
9430100139
9430650006
9432356155
9432370921
9432468873
9432466152
9432463470
9432460321
9432486517
9432481174
9432477950
9432475887
9432472629
9432469339
9432519951
9432747624
9432703788
9432792389
9432788270
9432784054
9432781871
9432777061
9432766800
9432753206
9432857392
9432851193
9432848689
9432841401
9432917353
9432907754
9432887336
9432885425
9432882642
9432876658
9432873301
9432863328
9432977367
9432965175
9432945142
9432938457
9432908145
9432925152
9432922995
9433019588
9433014019
9433007210
9433001857
9432988344
9433034225
9433026263
9433290509
9433362943
9433300448
9433300478
9433449939
9433429575
9433529901
9433483770
9434104970
9434163467
9434155873
9434770816
9434757692
9434743968
9434732025
9434716883
9434699982
9434687553
9434794669
9434783308
9435090934
9435057482
9435166449
9435141118
9435134014
9435359440
9435155242
9435115621
9435393975
9435234970
9435185120
9434992418
9434983425
9435302050
9435265801
9435284003
9436072259
9435127533
9436665604
9435742143
9436752670
9436742344
9436732602
9436722701
9436711337
9436701317
9436686867
9436676364
9436901031
9437237897
9437548544
9437539132
9437680788
9437641101
9437615964
9437593061
9437566216
9437832343
9438045460
9438119515
9438111384
9438462326
9438419593
9438600922
9438682958
9435331442
9438665958
9435411006
9438637236
9438620860
9438689473
9439568945
9439527182
9439668661
9439628473
9439658132
9439623114
9439818999
9440087216
9440202595
9440185259
9440168730
9440678831
9440758557
9440710134
9440991275
9441631296
9442324229
9442613032
9442470659
8067822502
9442895341
9443398830
9443193584
9443187715
9443059585
9353161029
9225749260
8455149204
7332984790
8110227504
9443703005
9443683519
9443840111
9443826610
9443774610
9444178668
9444256333
9444617546
9444716944
9444676527
9444983480
9444971745
9444961344
9445700473
9445681082
9445660810
9445616775
9445590543
9445560310
9445522853
9445481204
9445443470
9445432279
9445418756
9445368491
9445301186
9445283941
9445995937
9445978176
9445963753
9445934654
9446031044
9446016795
9446099099
9446241891
9447087598
9435348098
9448207520
9435369801
9448288048
9448382373
9448372724
9448356574
9448333604
9448485412
9448414617
9448410160
9448533822
7728575853
9449179400
9449158384
9449001561
9448957456
9448933550
9448906953
9449404986
9449346209
9449440882
9450016588
9449989298
9449981923
9449978834
9450718877
9450756362
9450785494
9450776863
9451133563
9451117274
9451106470
9451004357
9435468266
9435432112
9451448778
9451963837
9451941089
9452209564
9452371637
9450030866
9452580460
9452502813
9452502781
9453037603
9453387574
9453426689
9454119141
9454099733
9454051232
9454022528
9450765338
9453769683
9453665555
9453651516
9453635472
9454444836
9454588454
9454746509
9454737272
9454709702
9455451169
9455439338
9455425885
9455411250
9455327900
9455322053
9455463242
9456575492
9446689975
9456013922
9456967477
9457417626
9458392810
5433840449
5362848433
9459007839
9459207926
9459205187
9459202130
9459199772
9459251482
9459655736
9459623903
9444535519
9444612996
9444633807
9444648004
9444666170
9459775538
9444681617
9444943436
9444960675
9458212739
9458230175
9458236926
9458242246
9459766550
9459755069
9459828478
9460550266
9460506460
9460458634
9460347870
9460332813
9460310932
9460303572
9460293676
9460292201
9460277379
9460266782
9460590019
9460575951
9460713349
9460673562
9460669180
9460797636
9460674889
9460953729
9460924200
9461475956
9461132971
9461106290
9462004998
9462046608
9462036924
7040845001
9463112188
9463067231
9463177198
9463163728
9463313551
9463295132
9463433682
9464186725
9464397814
9464580290
9464561653
9464544715
9464527383
9464510838
9464493885
9463651716
9464915669
9464899427
9464878472
9464867930
9464858493
9464844883
9464822086
9464796819
9464770765
9464750881
9464615790
9464600480
9466349326
9466324715
9466306123
9466288870
9466041418
9466311581
9466195133
9466370663
9466387229
9466478765
9465946890
9467556182
9464930752
9468056004
9467946200
9468226277
9468280617
9438221433
9470111633
9470062617
9470011224
9469959482
9469944250
9469917855
9469886734
9469830074
9470164860
9470164285
9470143882
9471255515
9471228253
9471189319
9471178427
9471170336
9471161659
9471160175
9471151602
9471144555
9471102742
9471078466
9470825417
9470793428
9470761610
9471631042
9471752740
9471741200
9471728489
9471721693
9471716876
9471707722
9471696522
9471687047
9471675210
9471664340
9471654000
9471640296
9471625035
9471616537
9471607009
9471598548
9471587038
9471575527
9471567081
9471555090
9471543973
9471528176
9471519195
9471498671
9471510612
9471486955
9471477800
9471455868
9471468166
9471442461
9471424173
9471433618
9471410295
9471394822
9471385347
9471351202
9471362721
9471339507
9471320199
9471311629
9471258822
9471239825
9471250893
9471215241
9471227872
9471206672
9471199026
9471186805
9471177865
9471163471
9471154989
9471145703
9471137630
9471128652
9471118543
9471110061
9471013200
9470982116
9470972484
9470963920
9470908270
9470888222
9470897648
9470874142
9470858459
9470825741
9470800627
9470791724
9470784338
9470775001
9470758956
9470736496
9470690840
9472601222
9473191109
9468397759
9468408017
9473720849
9473813845
9474624592
9474624666
9474624620
9474624575
9474624644
9474624517
9474624554
9474624499
9474624532
9474624473
9474434875
9474379276
9474739021
9474675390
9474806175
9474794198
9475895024
9475893290
9476002699
9476062486
9476069462
9476122698
9476409259
9460816335
9476596143
9477138930
9477069803
9477017460
9476925977
9477378681
9477363757
9477347466
9477458685
9477449584
9477439806
9477427794
9477416702
9477406065
9477395740
9477475511
9478181179
9478866008
9478801519
9479474240
9479898556
9479857716
9480574292
9480566576
9480518761
9480760642
9480732628
9480716161
9480810245
9480797077
9480785819
9480770922
9480905634
9480853428
9481511582
9481492384
9468278756
9481100950
9481596484
9481629400
9468276442
9468367117
9480747596
9482101484
9481979488
9484038922
9483999605
9483909397
9484246540
9484375031
9484985898
9485114318
9485214598
9485203872
9485194080
9485182590
9485170638
9485152474
9485274673
9485264604
9485258195
9485248892
9485246681
9485236557
9485226341
9450562347
9485470700
9485463451
9485422890
9485417267
9485413063
9485799732
9485678615
9485644846
9485637530
9485620748
9485609605
9485490590
9485482068
9486220123
9486346648
9486335548
9486892102
9486716883
9486698716
9486683582
9486665552
9486616881
9487258106
9487544912
9487524221
9487510246
9487494601
9487623263
9487971705
9487812800
9486647404
9486674046
9489205755
9489030604
9488954977
9488940005
9488921573
9489466729
9489700899
9489692682
9489684431
9489677127
9489671752
9489662811
9489655623
9489767332
9489759905
9489751263
9489745056
9489737524
9489732207
9489726478
9489721218
9489716164
9489712025
9489794914
9491648969
9492065426
9492225400
9493033983
9492895029
9492873789
9492428542
9492411087
9492374111
9492369060
9493347101
9493472674
9493452817
9493617357
9493594977
9494203010
9494169835
9494057080
9494038636
9494033673
9494015080
9493999109
9493978416
9493948196
9493917793
9493897035
9493870379
9493869861
9493842336
9493790687
9493770591
9493765838
9493677036
9493644013
9495626973
9495613804
9495600174
9495585520
9495240580
9496079661
9496353323
9496509220
9496419670
9496575023
9496509340
9497546918
9497133086
9497068087
9496931578
9496904796
9496869953
9497917701
9497878649
9497852634
9497829528
9498057389
9498034702
9497995908
9497979546
9497959398
9497936060
9498146628
9498549779
9498221993
9499232859
9499213002
9499956152
9499894637
9500381452
9500353301
9500353260
9501037156
9501735540
9501918620
9501910329
9502059676
9502219840
9502309598
9502302605
9502290711
9502282882
9502271853
9502367220
9502336135
9502459606
9502421196
9502855306
9502716234
9502530706
9503141255
9503141224
9503141177
9503141117
9503424513
9503595898
9504267140
9504258252
9503141203
9504553149
9504686506
9504669070
9504953196
9504940558
9504915780
9506802998
9507176105
9507991653
9507748321
9507639299
3226275375
9511724336
9512375551
9512351621
9512597252
9512581525
9512566609
9512545391
9512526096
9513467323
9514241641
9514191850
9513920073
9513858850
9513730814
8390706086
9514349708
9514349327
9514337242
9514285737
9514466184
9514372717
9514551337
9514500706
9514611985
9514597893
9515909015
9516734099
9517656973
9519076612
9519608094
9519601824
9519548057
9519516518
9519739750
9519758498
9520457798
9520443118
9520430945
9520416095
9520408275
9520399930
9520392132
9520212702
9519984023
9521346794
9522587408
9522669723
9522652497
9522650798
9522802365
9522766987
9523773552
9524267600
9525865436
9525736686
9525663039
9525924395
9526673597
9526669256
9527774734
9527756905
9527744963
9527736049
9527811248
9527789215
9528523447
9528502058
9528364011
9525791398
9528273884
9528273845
9528165721
9528767271
9528880619
9529103206
9529846772
9531778707
9531629548
9531529821
9531500972
9531476189
9531439167
9531410732
9531240543
9532185456
9532269784
9532261292
9532251850
9532242749
9532232056
9532223650
9532214368
9532205102
9532196280
9532877292
9532855404
9532844123
9532834817
9532825848
9532814533
9532803905
9532792620
9532781111
9532769759
9532759259
9532748444
9532735593
9532572600
9532566915
9532550721
9532545772
9532536830
9532531483
9532329320
9532296769
9532955662
9532955684
9532955525
9532955563
9532955632
9532955590
9531334397
9533167297
9533334784
9533823506
9533710049
9533665081
9533559385
9533529350
9534004087
9533992475
9533980079
9533951429
9534063514
9534034569
9534025708
9534015900
9535101878
9535100547
9535690598
9535556571
9535543556
9535534316
9535526841
9535520162
9535514558
9535457635
9535454651
9535451891
9535973291
9536002446
9536526238
9536506414
9536467869
9536314204
9536962797
9537544754
9537385112
9537370635
9537363430
9537292345
9537280712
9537184701
9537078744
9537069171
9537057692
9537047086
9537038539
9537029817
9538936909
9539444333
9539431333
9539416706
9539406843
9539395418
9539384168
9539241005
9539744469
9539731535
9539712850
9539832531
9539816063
9539792839
9539769621
9539907779
9539855644
9540017247
9540307869
9538955026
9541062106
9541284728
9541177050
9542992095
9542924293
9543616396
9544196809
9544176799
9544147988
9544013306
9543897134
9544403839
9544750448
9545813621
9546517038
9546583725
9547361258
9547735049
9548686683
9548654628
9548573659
9548738009
9549037891
9549490733
9548842353
9549741932
9549756732
9549838248
9549824662
9550073338
9549861292
9551175825
9552182546
9552156636
9552138096
9552114596
9552097978
9551378767
9551377265
9551387866
9551380109
9551386349
9551375721
9551381514
9554185697
9555229188
9552571139
9555058478
9555841605
9555818144
9555732029
9556746691
9557848138
9557651208
9557638677
9557624377
9557611243
9557602522
9557591076
9557581988
9557568060
9557550637
9558977981
9558988364
9558970948
9558957808
9558826712
9559173595
9559984122
9560073914
9560071355
9560830627
9559705826
9560875298
9560975666
9560885465
